name: reRoute_Dynamics_test
channels:
  - bioconda
  - conda-forge
  - defaults
dependencies:
  - asttokens=3.0.0=pyhd8ed1ab_1
  - bzip2=1.0.8=h2466b09_7
  - ca-certificates=2025.1.31=h56e8100_0
  - colorama=0.4.6=pyhd8ed1ab_1
  - comm=0.2.2=pyhd8ed1ab_1
  - cpython=3.12.10=py312hd8ed1ab_0
  - debugpy=1.8.14=py312h275cf98_0
  - decorator=5.2.1=pyhd8ed1ab_0
  - exceptiongroup=1.2.2=pyhd8ed1ab_1
  - executing=2.1.0=pyhd8ed1ab_1
  - importlib-metadata=8.6.1=pyha770c72_0
  - ipykernel=6.29.5=pyh4bbf305_0
  - ipython=9.1.0=pyhca29cf9_0
  - ipython_pygments_lexers=1.1.1=pyhd8ed1ab_0
  - jedi=0.19.2=pyhd8ed1ab_1
  - jupyter_client=8.6.3=pyhd8ed1ab_1
  - jupyter_core=5.7.2=pyh5737063_1
  - krb5=1.21.3=hdf4eb48_0
  - libexpat=2.7.0=he0c23c2_0
  - libffi=3.4.6=h537db12_1
  - liblzma=5.8.1=h2466b09_0
  - libsodium=1.0.20=hc70643c_0
  - libsqlite=3.49.1=h67fdade_2
  - libzlib=1.3.1=h2466b09_2
  - matplotlib-inline=0.1.7=pyhd8ed1ab_1
  - nest-asyncio=1.6.0=pyhd8ed1ab_1
  - openssl=3.5.0=ha4e3fda_0
  - packaging=24.2=pyhd8ed1ab_2
  - parso=0.8.4=pyhd8ed1ab_1
  - pickleshare=0.7.5=pyhd8ed1ab_1004
  - pip=25.0.1=pyh8b19718_0
  - platformdirs=4.3.7=pyh29332c3_0
  - prompt-toolkit=3.0.50=pyha770c72_0
  - psutil=7.0.0=py312h4389bb4_0
  - pure_eval=0.2.3=pyhd8ed1ab_1
  - pygments=2.19.1=pyhd8ed1ab_0
  - python=3.12.10=h3f84c4b_0_cpython
  - python-dateutil=2.9.0.post0=pyhff2d567_1
  - python_abi=3.12=6_cp312
  - pywin32=307=py312h275cf98_3
  - pyzmq=26.4.0=py312hd7027bb_0
  - setuptools=78.1.0=pyhff2d567_0
  - six=1.17.0=pyhd8ed1ab_0
  - stack_data=0.6.3=pyhd8ed1ab_1
  - tk=8.6.13=h5226925_1
  - tornado=6.4.2=py312h4389bb4_0
  - traitlets=5.14.3=pyhd8ed1ab_1
  - typing_extensions=4.13.2=pyh29332c3_0
  - ucrt=10.0.22621.0=h57928b3_1
  - vc=14.3=h2b53caa_26
  - vc14_runtime=14.42.34438=hfd919c2_26
  - wcwidth=0.2.13=pyhd8ed1ab_1
  - wheel=0.45.1=pyhd8ed1ab_1
  - zeromq=4.3.5=ha9f60a1_7
  - zipp=3.21.0=pyhd8ed1ab_1
  - pip:
      - about-time==4.2.1
      - affine==2.4.0
      - alive-progress==3.2.0
      - attrs==25.3.0
      - certifi==2025.1.31
      - click==8.1.8
      - click-plugins==1.1.1
      - cligj==0.7.2
      - contourpy==1.3.1
      - cycler==0.12.1
      - fonttools==4.57.0
      - geographiclib==2.0
      - geopandas==1.0.1
      - geopy==2.4.1
      - grapheme==0.6.0
      - ipywidgets==8.1.6
      - jupyterlab-widgets==3.0.14
      - kiwisolver==1.4.8
      - matplotlib==3.10.1
      - numpy==2.2.4
      - pandas==2.2.3
      - pillow==11.1.0
      - pyogrio==0.10.0
      - pyparsing==3.2.3
      - pyproj==3.7.1
      - pytz==2025.2
      - rasterio==1.4.3
      - scipy==1.15.2
      - shapely==2.1.0
      - tzdata==2025.2
      - widgetsnbextension==4.0.14
prefix: C:\Users\Sebastian\anaconda3\envs\reRoute_Dynamics_test
